======================================
     4-BIT BINARY TO GRAY CONVERTER
======================================
Time    Binary  Gray
--------------------------------------
10      0000    0000
20      0001    0001
30      0010    0011
40      0011    0010
50      0100    0110
60      0101    0111
70      0110    0101
80      0111    0100
90      1000    1100
100     1001    1101
110     1010    1111
120     1011    1110
130     1100    1010
140     1101    1011
150     1110    1001
160     1111    1000
--------------------------------------
       SIMULATION COMPLETED
======================================